0 0.093126 0.525468 0.019775 0.093750
0 0.074009 0.523125 0.018457 0.098437
0 0.204527 0.505547 0.023730 0.100781
0 0.040391 0.527812 0.019775 0.089062
0 0.186729 0.506718 0.014502 0.089062
0 0.216392 0.506718 0.015820 0.084375
0 0.667271 0.477422 0.010547 0.044531
0 0.784605 0.505547 0.023730 0.058594
0 0.014683 0.530156 0.023730 0.112500
0 0.005364 0.526640 0.010728 0.086719
1 0.393052 0.461015 0.021094 0.025781
1 0.373277 0.469218 0.036914 0.046875
1 0.364048 0.483281 0.018457 0.046875
1 0.340977 0.483281 0.043506 0.060937
1 0.315928 0.500859 0.040869 0.058594
1 0.583555 0.479765 0.032959 0.030469
1 0.602012 0.497343 0.032959 0.046875
1 0.619151 0.503203 0.040869 0.053906
1 0.274400 0.506718 0.068555 0.084375
1 0.646836 0.519609 0.061963 0.072656
1 0.478745 0.659062 0.292676 0.435937
1 0.862388 0.654375 0.274219 0.520312
