1 0.434380 0.381815 0.008414 0.014958
1 0.425440 0.382749 0.011569 0.024307
1 0.416500 0.387424 0.012621 0.026177
1 0.367066 0.396773 0.027346 0.048615
1 0.356549 0.402382 0.031553 0.044875
1 0.337617 0.408927 0.031553 0.054224
1 0.459096 0.384619 0.007362 0.016828
1 0.465407 0.386489 0.009466 0.020568
1 0.487494 0.397708 0.013673 0.046745
1 0.503270 0.400513 0.034708 0.056094
1 0.564799 0.433234 0.039967 0.114058
1 0.746754 0.357507 0.035760 0.029917
1 0.777781 0.399578 0.095711 0.110319
1 0.264519 0.454831 0.156713 0.175762
1 0.405456 0.391257 0.017880 0.026177
1 0.451208 0.382843 0.008414 0.020568
1 0.443320 0.381908 0.007362 0.014958
1 0.514314 0.408085 0.046278 0.063573
1 0.650518 0.441742 0.175645 0.246815
1 0.471717 0.389855 0.009466 0.022438
