1 0.430953 0.541767 0.015295 0.033988
1 0.416041 0.551964 0.019118 0.027190
1 0.392305 0.563520 0.027530 0.028550
1 0.442395 0.531571 0.011471 0.019033
1 0.452337 0.532930 0.009941 0.016314
1 0.324245 0.575755 0.044354 0.082931
1 0.264596 0.585272 0.094826 0.107402
1 0.192511 0.611375 0.096356 0.121541
1 0.498402 0.501662 0.006118 0.019033
1 0.483563 0.532024 0.013765 0.012689
1 0.517976 0.543483 0.009177 0.019292
1 0.540280 0.545876 0.019118 0.030302
1 0.556979 0.553822 0.029056 0.035257
1 0.503226 0.557359 0.025236 0.044864
1 0.361512 0.575918 0.020972 0.030688
1 0.468744 0.576825 0.068061 0.092447
1 0.897042 0.620393 0.107062 0.193051
0 0.569722 0.568977 0.016824 0.072054
1 0.081019 0.645643 0.159828 0.174018
1 0.786480 0.676232 0.322715 0.319486
