1 0.168091 0.458906 0.017139 0.051562
1 0.102173 0.457734 0.077783 0.086719
1 0.042187 0.469453 0.084375 0.091406
1 0.473291 0.448359 0.026367 0.035156
1 0.504272 0.455390 0.038232 0.058594
1 0.521411 0.464765 0.051416 0.063281
1 0.875917 0.533672 0.176660 0.260156
1 0.700048 0.557812 0.353320 0.393750
1 0.943285 0.583203 0.112060 0.311719
1 0.350024 0.488828 0.230713 0.364531
0 0.860756 0.394922 0.014502 0.030469
0 0.884487 0.396093 0.014502 0.032812
1 0.909535 0.406640 0.035596 0.072656
0 0.987978 0.430078 0.021094 0.082031
