1 0.437689 0.348678 0.009748 0.017330
1 0.427453 0.346078 0.020471 0.019063
1 0.395772 0.352144 0.023395 0.024262
1 0.361166 0.364275 0.032169 0.041592
1 0.351906 0.372940 0.021446 0.045058
1 0.331922 0.374673 0.041917 0.055456
1 0.278308 0.381605 0.043866 0.048524
1 0.497639 0.347811 0.016572 0.022529
1 0.507387 0.355610 0.018521 0.027728
1 0.615591 0.430995 0.075060 0.098781
1 0.624364 0.391136 0.088708 0.057189
1 0.447437 0.349544 0.019496 0.025995
1 0.393822 0.415398 0.074085 0.119576
1 0.304140 0.411932 0.083833 0.116110
1 0.126725 0.429262 0.134523 0.119576
1 0.021446 0.461322 0.042892 0.128241
0 0.195936 0.417998 0.021446 0.093582
0 0.206659 0.392003 0.019496 0.069320
0 0.212508 0.379872 0.015597 0.065854
0 0.232492 0.387670 0.012673 0.064121
0 0.249551 0.396335 0.011698 0.071053
0 0.263686 0.405000 0.016572 0.074519
0 0.066287 0.384204 0.019496 0.053723
0 0.041429 0.405867 0.022421 0.090116
0 0.569288 0.372073 0.011698 0.050257
0 0.623877 0.454390 0.050690 0.183697
