1 0.390769 0.297188 0.014825 0.030748
1 0.379143 0.309575 0.014825 0.070282
1 0.356494 0.312504 0.035416 0.087852
1 0.342080 0.319825 0.046123 0.096638
1 0.311195 0.331538 0.048593 0.114208
1 0.226774 0.331538 0.144957 0.199132
1 0.489920 0.308843 0.020590 0.030748
1 0.463152 0.295665 0.031297 0.062961
1 0.430207 0.327878 0.065889 0.112744
1 0.090054 0.350573 0.177901 0.386551
0 0.639877 0.320557 0.014825 0.074675
0 0.659141 0.325054 0.012354 0.058568
0 0.661761 0.322753 0.011531 0.055640
0 0.714885 0.337395 0.012354 0.079067
0 0.727651 0.327146 0.013178 0.084924
0 0.742476 0.324217 0.011531 0.081996
0 0.771302 0.319825 0.023061 0.090781
0 0.802953 0.336663 0.031297 0.115672
0 0.747268 0.362391 0.040357 0.136171
0 0.593342 0.314595 0.012354 0.052711
0 0.584603 0.322858 0.011531 0.051247
0 0.647230 0.338127 0.015649 0.080531
1 0.962924 0.325259 0.070823 0.072280
