0 0.300626 0.532712 0.011713 0.038175
0 0.289402 0.560475 0.012689 0.062468
0 0.274273 0.555270 0.017569 0.072879
0 0.668113 0.545726 0.012689 0.074614
0 0.756446 0.540520 0.015617 0.071144
1 0.229374 0.540520 0.040995 0.039910
1 0.197652 0.534447 0.022449 0.034704
1 0.171298 0.540520 0.041971 0.036440
1 0.679826 0.528374 0.028306 0.043380
1 0.715452 0.524036 0.025378 0.045116
1 0.754494 0.535315 0.052707 0.050321
1 0.867229 0.498007 0.030258 0.017352
1 0.965323 0.537050 0.068324 0.081555
1 0.869181 0.622075 0.252799 0.237725
1 0.090286 0.671529 0.180571 0.541388
