1 0.058115 0.657540 0.112266 0.060548
1 0.168490 0.647449 0.116051 0.062791
1 0.263096 0.648570 0.055502 0.047093
1 0.296524 0.655297 0.026490 0.029153
1 0.380408 0.658661 0.030274 0.031395
1 0.410051 0.656419 0.023967 0.022425
1 0.431496 0.656419 0.016398 0.017940
1 0.514118 0.649691 0.015137 0.013455
1 0.520426 0.659782 0.017660 0.020183
1 0.550069 0.672116 0.018921 0.026910
1 0.572234 0.673238 0.034058 0.042608
1 0.594849 0.679965 0.037843 0.042608
1 0.662335 0.697905 0.066855 0.069518
1 0.887589 0.740513 0.200566 0.145764
1 0.483844 0.700148 0.065594 0.096429
1 0.337520 0.700148 0.093345 0.118854
