1 0.689208 0.395600 0.019121 0.016996
1 0.681697 0.394386 0.012292 0.019424
1 0.661893 0.393172 0.010926 0.016996
1 0.651649 0.394386 0.015024 0.019424
1 0.640040 0.396814 0.010926 0.019424
1 0.631846 0.401670 0.013658 0.019424
1 0.670087 0.402884 0.013658 0.021853
1 0.716524 0.418667 0.046437 0.087410
1 0.746571 0.422309 0.016389 0.041277
1 0.350494 0.380165 0.065558 0.043705
1 0.296546 0.375309 0.055997 0.043705
1 0.216647 0.352242 0.040974 0.026709
1 0.246012 0.383807 0.055997 0.046133
1 0.206404 0.376523 0.042339 0.060701
1 0.162016 0.352242 0.046437 0.031565
1 0.131969 0.368024 0.054631 0.033993
1 0.148358 0.387449 0.090142 0.072842
1 0.053009 0.386235 0.106019 0.114119
1 0.619554 0.396988 0.016389 0.028790
1 0.605896 0.402884 0.016389 0.021853
1 0.588140 0.408955 0.030047 0.033993
