1 0.033050 0.493359 0.066099 0.044531
1 0.068736 0.479297 0.065918 0.044531
1 0.163658 0.452343 0.121289 0.093750
1 0.244078 0.467578 0.036914 0.025781
1 0.255943 0.447656 0.031641 0.032812
1 0.347569 0.455859 0.027686 0.025781
1 0.324497 0.450000 0.021094 0.028125
1 0.374414 0.446484 0.021094 0.025781
1 0.357934 0.434765 0.014502 0.011719
1 0.071191 0.425390 0.034277 0.016406
1 0.040210 0.424218 0.017139 0.014062
1 0.020435 0.428906 0.017139 0.014062
1 0.005273 0.426562 0.010547 0.018750
1 0.981040 0.510937 0.036914 0.131250
1 0.404077 0.445898 0.019775 0.016406
1 0.444287 0.434179 0.015820 0.016406
1 0.457470 0.436523 0.010547 0.011719
1 0.517785 0.451758 0.025049 0.037500
1 0.592470 0.463359 0.044824 0.067969
1 0.566894 0.455468 0.021094 0.037500
1 0.549755 0.442578 0.013184 0.030469
1 0.538549 0.432031 0.009229 0.023437
1 0.634790 0.462500 0.038232 0.056250
1 0.665112 0.449609 0.019775 0.030469
1 0.486474 0.428906 0.010547 0.011719
