0 0.051597 0.424218 0.039551 0.145312
0 0.029844 0.434765 0.019775 0.133594
1 0.412827 0.376172 0.015820 0.030469
1 0.405576 0.383203 0.014502 0.030469
1 0.388438 0.389062 0.019775 0.042187
1 0.378550 0.400781 0.013184 0.046875
1 0.358116 0.401953 0.035596 0.063281
1 0.330430 0.414843 0.064600 0.065625
1 0.451060 0.380859 0.010547 0.025781
1 0.460948 0.379687 0.011865 0.037500
1 0.468199 0.393750 0.018457 0.046875
1 0.484019 0.389062 0.026367 0.056250
1 0.491270 0.400781 0.027686 0.060937
1 0.497862 0.410156 0.019775 0.056250
1 0.509068 0.419531 0.021094 0.070312
1 0.748350 0.400781 0.027686 0.065625
1 0.808994 0.418359 0.125244 0.119531
1 0.853818 0.539531 0.291357 0.300000
