1 0.810572 0.473113 0.023993 0.036274
1 0.790178 0.473104 0.011996 0.027725
1 0.779381 0.475237 0.028791 0.053318
1 0.760187 0.483767 0.031191 0.057583
1 0.748790 0.493365 0.027592 0.055450
1 0.734994 0.497630 0.035989 0.059716
1 0.696606 0.497630 0.074378 0.098104
1 0.665415 0.514692 0.064781 0.106635
1 0.599434 0.518957 0.124763 0.174881
1 0.484269 0.566943 0.254324 0.236730
1 0.148562 0.643720 0.297124 0.462796
1 0.831566 0.461374 0.013196 0.017062
1 0.846561 0.466706 0.011996 0.023460
1 0.895746 0.496564 0.026392 0.061848
1 0.927537 0.504028 0.061182 0.098104
1 0.928137 0.527488 0.050385 0.098104
1 0.961127 0.533886 0.061182 0.115166
1 0.977265 0.554147 0.045471 0.185545
