1 0.601831 0.539062 0.009229 0.023437
1 0.608422 0.553125 0.009229 0.028125
1 0.616333 0.555468 0.009229 0.028125
1 0.624243 0.550781 0.014502 0.042187
1 0.637426 0.567187 0.022412 0.046875
1 0.653906 0.570703 0.021094 0.067969
1 0.665771 0.591796 0.034277 0.096094
1 0.780468 0.635156 0.176660 0.187500
1 0.910195 0.749531 0.176660 0.346875
1 0.537890 0.570703 0.036914 0.098437
1 0.508227 0.591796 0.075146 0.159375
1 0.419897 0.635156 0.201709 0.283594
1 0.184570 0.488672 0.369140 0.576562
1 0.562939 0.556640 0.044824 0.072656
1 0.713269 0.598147 0.084970 0.144254
