1 0.070558 0.773408 0.141116 0.249487
1 0.883338 0.814296 0.232334 0.367300
1 0.196471 0.709651 0.096676 0.102567
1 0.334468 0.673614 0.020271 0.030493
1 0.231945 0.689553 0.061592 0.095637
1 0.265859 0.684009 0.026508 0.079004
1 0.286130 0.682623 0.014034 0.045739
1 0.293147 0.679158 0.018711 0.058214
1 0.309519 0.676386 0.009356 0.036037
1 0.718443 0.746381 0.323553 0.353439
1 0.547701 0.708265 0.134879 0.205133
1 0.477533 0.693018 0.070948 0.149692
1 0.437771 0.690939 0.033525 0.098409
1 0.423348 0.681237 0.038982 0.095637
1 0.401128 0.685395 0.025728 0.059600
1 0.395670 0.678465 0.041321 0.059600
1 0.373060 0.672228 0.028847 0.041581
1 0.363705 0.670149 0.019491 0.042967
