1 0.109575 0.593652 0.216702 0.362394
1 0.468144 0.497884 0.013773 0.022854
1 0.475948 0.504414 0.016528 0.029383
1 0.498445 0.515840 0.033974 0.045707
1 0.533797 0.531348 0.044075 0.073458
1 0.564558 0.546856 0.067031 0.101209
1 0.429119 0.481560 0.011019 0.009794
1 0.428201 0.494619 0.012855 0.016324
1 0.421314 0.501965 0.015610 0.027751
1 0.402031 0.506046 0.032138 0.039178
1 0.367598 0.517473 0.045911 0.062031
1 0.446565 0.480744 0.009182 0.008162
1 0.447483 0.499516 0.014692 0.019589
1 0.314340 0.529716 0.080804 0.112636
1 0.641842 0.574607 0.156099 0.199154
