1 0.877327 0.638607 0.239803 0.521631
1 0.546867 0.555424 0.087733 0.126508
1 0.319737 0.524230 0.072136 0.081451
1 0.351906 0.500835 0.060438 0.086650
1 0.388948 0.506034 0.019496 0.048524
1 0.397722 0.500835 0.011698 0.024262
1 0.406495 0.481772 0.015597 0.020796
1 0.414781 0.470507 0.010723 0.019063
1 0.430865 0.461842 0.009748 0.012131
1 0.428915 0.485238 0.011698 0.017330
1 0.443050 0.473107 0.006824 0.013864
1 0.446949 0.480905 0.008773 0.015597
1 0.451823 0.493036 0.012673 0.022529
1 0.469370 0.509500 0.024370 0.055456
1 0.483992 0.519898 0.034118 0.072786
1 0.508850 0.530295 0.042892 0.097048
