1 0.336052 0.391789 0.016358 0.019898
1 0.357576 0.395512 0.016358 0.021221
1 0.322277 0.393320 0.014636 0.016837
1 0.299461 0.393320 0.025829 0.022959
1 0.267188 0.394133 0.024107 0.022959
1 0.238776 0.391072 0.034439 0.026020
1 0.200032 0.398725 0.030995 0.022959
1 0.159997 0.391072 0.026690 0.032143
1 0.132446 0.394898 0.033578 0.030612
1 0.102312 0.396429 0.035300 0.039796
1 0.066850 0.393580 0.037345 0.036707
1 0.022672 0.403173 0.044770 0.047736
1 0.569593 0.398287 0.017219 0.026020
1 0.433990 0.402879 0.018080 0.029082
1 0.452727 0.408419 0.014636 0.035204
1 0.503954 0.466837 0.146365 0.217347
1 0.762857 0.452336 0.205410 0.231203
