1 0.396644 0.494574 0.013985 0.017403
1 0.377065 0.492088 0.013985 0.027348
1 0.360284 0.490844 0.022376 0.039779
1 0.332314 0.498303 0.027970 0.029834
1 0.200158 0.510734 0.074119 0.069613
1 0.177083 0.485872 0.053142 0.059669
1 0.102264 0.530623 0.127262 0.104420
1 0.034438 0.520679 0.067127 0.119337
1 0.437899 0.502032 0.029368 0.047238
1 0.586138 0.529380 0.074119 0.126796
1 0.659558 0.543054 0.064330 0.074586
1 0.801504 0.521922 0.090901 0.062155
1 0.719693 0.557972 0.103488 0.104420
1 0.496635 0.519436 0.102089 0.186464
1 0.966525 0.628828 0.062932 0.196409
