0 0.491071 0.614451 0.011353 0.013455
0 0.478456 0.613330 0.011353 0.011213
0 0.463950 0.612209 0.010091 0.008970
0 0.452597 0.612209 0.010091 0.008970
0 0.421693 0.613330 0.011353 0.015698
1 0.521807 0.627159 0.035320 0.062791
1 0.588662 0.629028 0.022706 0.050083
1 0.135603 0.615199 0.071901 0.058306
1 0.213180 0.609593 0.035320 0.029153
1 0.273728 0.617628 0.055502 0.036254
1 0.330492 0.612956 0.040365 0.031395
1 0.405546 0.615199 0.023967 0.022425
1 0.717958 0.646594 0.071901 0.071761
1 0.637227 0.633139 0.031535 0.035880
1 0.552081 0.665656 0.093345 0.132309
1 0.435820 0.615573 0.016398 0.017940
