1 0.696940 0.412292 0.026294 0.024307
1 0.627529 0.400673 0.019984 0.022438
1 0.558112 0.403478 0.019984 0.028047
1 0.387155 0.404252 0.013673 0.011219
1 0.342981 0.411731 0.013673 0.014958
1 0.364542 0.407057 0.008414 0.009349
1 0.022087 0.458103 0.044174 0.029917
1 0.059951 0.453428 0.021035 0.016828
1 0.104125 0.447819 0.016828 0.016828
1 0.081512 0.449689 0.022087 0.016828
1 0.122005 0.447819 0.016828 0.016828
1 0.142514 0.448754 0.024191 0.014958
1 0.165127 0.447819 0.021035 0.013089
1 0.186689 0.445949 0.019984 0.020568
1 0.206672 0.445014 0.017880 0.014958
1 0.221502 0.443033 0.011779 0.015180
1 0.011044 0.408553 0.022087 0.028047
1 0.044700 0.405748 0.026294 0.022438
1 0.083090 0.405748 0.018932 0.018698
1 0.100444 0.405748 0.015776 0.014958
1 0.129893 0.403878 0.041019 0.022438
1 0.174593 0.402009 0.029449 0.029917
1 0.226656 0.396399 0.019984 0.018698
1 0.258735 0.389855 0.018932 0.013089
1 0.195103 0.398269 0.009466 0.022438
1 0.292076 0.390790 0.041019 0.026177
1 0.662928 0.402009 0.032605 0.026177
1 0.232655 0.441058 0.011931 0.013725
1 0.429447 0.445924 0.030178 0.044917
