1 0.355077 0.668828 0.035942 0.073267
1 0.323723 0.672907 0.026765 0.070548
1 0.295811 0.674266 0.030589 0.073267
1 0.261780 0.678345 0.035942 0.081424
1 0.219620 0.682423 0.047977 0.086862
1 0.169631 0.688541 0.048943 0.088222
1 0.116482 0.688541 0.055825 0.101817
1 0.045544 0.687108 0.088708 0.104683
1 0.512028 0.651081 0.026001 0.054381
1 0.529234 0.658558 0.035942 0.074773
1 0.557147 0.664676 0.045884 0.097885
1 0.621995 0.691767 0.119298 0.164502
1 0.479755 0.661858 0.018353 0.028550
1 0.456813 0.669335 0.015295 0.021752
